0,184,36,203,81,192,136
1,105,148,119,67
2,208,120,113,101,110,129,190
4,174,61
5,123,210,44,147
7,35,21,202,24,140
8,64,11,191,81
10,85,167,166,77,43,181,65,102
11,81,191,150,64,8
14,122,79
16,103,195,143,150,97
17,126,65,61,104
18,115,71
19,187,129,130,27
20,36,79
21,35,7,24,141,140
22,148,119,40
23,123,210,171,211
24,74,178,7,21,206,37,202,141,140
24,178
25,108
26,105,149,191,67,148
27,110,19,66,187,86,129
28,44,151,198
29,207,185,96
30,53,33,62,147,34,130
31,200
33,30,44,147,177,34,173
34,33,101,30,177,129,130
35,7,21,141
36,184,95,96,20,125,0,150,207,122,118,90,131,136,79
37,138,206,50,24,141
39,128,138
40,119,167,77,22,148
43,166,65,143,10
44,33,28,5,194,151,147,210,173,198
45,65
46,54,56,170
48,75
49,80
50,141,37
51,84,101,177
52,71,76
53,30,62
54,46,56,177
55,150,97
56,169,91,46,54,177,173,170
60,150,180,134
61,85,117,4,17,181,174,65,104
62,30,147,53
63,160
64,11,8,150,191
65,126,10,61,43,45,17,143,181,104
66,86,187,27
67,26,191,1,105
71,115,52,18,76
72,73,100,110,164,86,160
73,160,72
74,206,24,178
75,48
76,128,71,52
77,10,167,195,149,166,148,40
79,36,20,14,122,125,136
80,108,49,139
81,82,0,191,192,11,8,136
82,89,182,158,81,191,94
83,197
84,89,182,51,98
84,89,51
85,10,167,61,181,156,205
86,110,100,66,72,27
89,182,158,84,82
90,36,203,150,192,95
91,169,56,194,173,198
94,82,158
95,184,36,203,90
96,29,36,207,122,185
97,16,55,103,150
98,84,182
99,171
100,86,72,164
101,34,51,177,129,190,2
102,181,10
103,16,150,97,143
104,17,65,61
105,26,148,1,67
107,121,210,198
108,185,25,80
110,160,113,72,27,86,129,2
113,208,160,110,2
115,71,18,200
116,195,149
117,61
118,36,150
119,40,148,1,22
120,174,208,2
121,171,198,107,210,179,211
122,36,96,14,185,79
123,210,5,23,171
125,36,79
126,17,65
128,39,76
129,101,110,19,27,34,130,2
130,19,30,129,34
131,36,150,172
134,60,180,150
135,209,158,196
136,36,0,79,81
138,37,39
139,80
140,7,21,24
141,35,21,50,37,24
143,103,166,65,195,43,150,16
144,174
146,158
147,33,5,30,44,62
148,119,26,105,77,22,149,1,40
149,26,77,195,116,148
150,36,11,103,195,143,55,60,90,134,64,118,16,131,97
151,28,194,44,198
156,85
158,135,89,146,82,209,94,196
160,73,113,110,63,72
164,72,100
166,10,77,195,43,143
167,77,40,10,85
169,91,56,170
170,169,56,46
171,23,121,99,123,179,211
172,131
173,56,33,91,194,44,177
174,120,61,4,144
177,56,33,101,54,51,34,173
178,24,74
179,121,171
180,60,134
181,10,85,61,65,102
182,89,84,82,191,98
184,36,0,95,203
185,29,108,96,122
187,19,66,27
190,101,2
191,182,26,81,82,67,64,11,8
192,81,0,203,90
194,91,44,151,173,198
195,166,77,149,116,143,150,16
196,135,158
197,83
198,28,91,121,194,44,151,107,210
200,115,31
202,7,24
203,184,0,192,90,95
205,85
206,74,24,37
207,29,36,96
208,113,120,2
209,135,158
210,23,5,121,44,107,123,198,211
211,210,23,121,171
